Linux 5.4.0-90-generic (atsushi-HP-EliteBook-Folio-G1) 	2021年12月08日 	_x86_64_	(4 CPU)

17時31分58秒  CPU    %usr   %nice    %sys %iowait    %irq   %soft  %steal  %guest  %gnice   %idle
17時31分59秒  all   37.85    0.00   18.93    2.56    0.00    0.51    0.00    0.00    0.00   40.15
17時32分00秒  all   43.59    0.00   18.97    0.77    0.00    0.00    0.00    0.00    0.00   36.67
17時32分01秒  all   40.77    0.00   21.79    0.51    0.00    0.00    0.00    0.00    0.00   36.92
17時32分02秒  all   41.73    0.00   19.08    1.27    0.00    0.25    0.00    0.00    0.00   37.66
17時32分03秒  all   42.56    0.00   19.32    0.52    0.00    0.26    0.00    0.00    0.00   37.34
17時32分04秒  all   44.87    0.00   18.72    0.51    0.00    0.26    0.00    0.00    0.00   35.64
17時32分05秒  all   42.93    0.00   19.02    1.03    0.00    0.51    0.00    0.00    0.00   36.50
17時32分06秒  all   46.65    0.00   19.59    0.77    0.00    0.00    0.00    0.00    0.00   32.99
17時32分07秒  all   43.77    0.00   20.36    0.51    0.00    0.51    0.00    0.00    0.00   34.86
